%           Time                     Lat                     Lon                     Alt  fix #sats       speed         dir                 Local X                 Local Y                 Local Z rawlog ID              Geocen X              Geocen Y              Geocen Z                 GPS X                 GPS Y                 GPS Z                GPS VX                GPS VY                GPS VZ              Local VX              Local VY              Local VZ       SAT Time 
1261231336.0000      0.6409568670751417     -0.0781097381232325               76.400000    1    8    0.000000    0.000000     81.2932900437225783    694.6100029957834749     29.6278814492275728 235897 5102814.1047425493597984 -399392.0517483531148173 3792944.0130422138608992    0.0000000000000000    0.0000000000000000    0.0000000000000000    0.0000000000000000    0.0000000000000000    0.0000000000000000    0.0000000000000000    0.0000000000000000    0.0000000000000000 1261231336.0000 
1261231337.0000      0.6409573324962755     -0.0781088072809648               76.500000    1    9    0.000000    0.000000     86.0577035461022319    697.5696672418692970     29.7179774478991590 236288 5102812.7922621164470911 -399387.1700102366157807 3792946.4447892885655165    0.0000000000000000    0.0000000000000000    0.0000000000000000    0.0000000000000000    0.0000000000000000    0.0000000000000000    0.0000000000000000    0.0000000000000000    0.0000000000000000 1261231337.0000 
1261231338.0000      0.6409575361180216     -0.0781076437281302               76.100000    1   10    0.000000    0.000000     92.0132342829813865    698.8630859261749038     29.3135906082472388 236680 5102812.1655155941843987 -399381.1471932101412676 3792947.2433322300203145    0.0000000000000000    0.0000000000000000    0.0000000000000000    0.0000000000000000    0.0000000000000000    0.0000000000000000    0.0000000000000000    0.0000000000000000    0.0000000000000000 1261231338.0000 
1261231339.0000      0.6409575361180216     -0.0781061601982660               75.200000    1   10    0.000000    0.000000     99.6065454031280666    698.8601772861229620     28.4134813775498287 237073 5102812.0388319091871381 -399373.5207322678179480 3792946.7051653470844030    0.0000000000000000    0.0000000000000000    0.0000000000000000    0.0000000000000000    0.0000000000000000    0.0000000000000000    0.0000000000000000    0.0000000000000000    0.0000000000000000 1261231339.0000 
1261231340.0000      0.6409574488515590     -0.0781044439578348               74.000000    1    9    0.000000    0.000000    108.3909658098559845    698.3014267447218799     27.2151899781871975 237461 5102812.0961289852857590 -399364.7139206629362889 3792945.5428690300323069    0.0000000000000000    0.0000000000000000    0.0000000000000000    0.0000000000000000    0.0000000000000000    0.0000000000000000    0.0000000000000000    0.0000000000000000    0.0000000000000000 1261231340.0000 
1261231341.0000      0.6409573034074547     -0.0781027277174037               73.800000    1    9    0.000000    0.000000    117.1754074665945495    697.3761005375025661     27.0181110786294880 237853 5102813.1730106724426150 -399355.9869058826589026 3792944.6820422415621579    0.0000000000000000    0.0000000000000000    0.0000000000000000    0.0000000000000000    0.0000000000000000    0.0000000000000000    0.0000000000000000    0.0000000000000000    0.0000000000000000 1261231341.0000 
1261231342.0000      0.6409572743186339     -0.0781011569210769               73.800000    1    9    0.000000    0.000000    125.2154000095734716    697.1912586092213360     27.0185732009892945 238242 5102813.9105711691081524 -399347.9800541773438454 3792944.5337954000569880    0.0000000000000000    0.0000000000000000    0.0000000000000000    0.0000000000000000    0.0000000000000000    0.0000000000000000    0.0000000000000000    0.0000000000000000    0.0000000000000000 1261231342.0000 
1261231343.0000      0.6409570997857087     -0.0780997606576753               72.700000    1    9    0.000000    0.000000    132.3620521569991411    696.0779761755984509     25.9221252136071598 238631 5102814.2507317559793591 -399340.8381656844285317 3792942.9865551432594657    0.0000000000000000    0.0000000000000000    0.0000000000000000    0.0000000000000000    0.0000000000000000    0.0000000000000000    0.0000000000000000    0.0000000000000000    0.0000000000000000 1261231343.0000 
1261231344.0000      0.6409569543416043     -0.0780987425489450               71.600000    1    9    0.000000    0.000000    137.5731477368105971    695.1496240730618865     24.8250960842673862 239020 5102814.3296118881553411 -399335.6173014328815043 3792941.5875619086436927    0.0000000000000000    0.0000000000000000    0.0000000000000000    0.0000000000000000    0.0000000000000000    0.0000000000000000    0.0000000000000000    0.0000000000000000    0.0000000000000000 1261231344.0000 
1261231345.0000      0.6409568670751417     -0.0780979280619607               70.300000    1    9    0.000000    0.000000    141.7420113335490157    694.5905034910142604     23.5268569288298863 239411 5102813.9468381991609931 -399331.4057174131739885 3792940.3654699455946684    0.0000000000000000    0.0000000000000000    0.0000000000000000    0.0000000000000000    0.0000000000000000    0.0000000000000000    0.0000000000000000    0.0000000000000000    0.0000000000000000 1261231345.0000 
