%           Time                     Lat                     Lon                     Alt  fix #sats       speed         dir                 Local X                 Local Y                 Local Z rawlog ID              Geocen X              Geocen Y              Geocen Z                 GPS X                 GPS Y                 GPS Z                GPS VX                GPS VY                GPS VZ              Local VX              Local VY              Local VZ       SAT Time 
1261230073.0000      0.6409573615850963     -0.0781054329777443               68.400000    1    7    0.000000    0.000000      0.0000000000000000      0.0000000000000000      0.0000000000000000    314 5102807.5570780197158456 -399369.4363691384787671 3792941.7495353743433952    0.0000000000000000    0.0000000000000000    0.0000000000000000    0.0000000000000000    0.0000000000000000    0.0000000000000000    0.0000000000000000    0.0000000000000000    0.0000000000000000 1261230073.0000 
1261230074.0000      0.6409572743186339     -0.0781035422043880               67.200000    1    8    0.000000    0.000000      9.6777557544783637     -0.5587193137587958     -1.1982166344205365    705 5102807.6840689945966005 -399359.7389576928107999 3792940.5872396444901824    0.0000000000000000    0.0000000000000000    0.0000000000000000    0.0000000000000000    0.0000000000000000    0.0000000000000000    0.0000000000000000    0.0000000000000000    0.0000000000000000 1261230074.0000 
1261230075.0000      0.6409572161409921     -0.0781017968751360               66.400000    1    8    0.000000    0.000000     18.6110672312726457     -0.9311876739834688     -1.9970426852529530   1096 5102807.9623306468129158 -399350.8001061831018887 3792939.8123759012669325    0.0000000000000000    0.0000000000000000    0.0000000000000000    0.0000000000000000    0.0000000000000000    0.0000000000000000    0.0000000000000000    0.0000000000000000    0.0000000000000000 1261230075.0000 
1261230076.0000      0.6409571288745295     -0.0781003424340927               65.500000    1    8    0.000000    0.000000     26.0554921405299886     -1.4889279733416374     -2.8952797007035938   1488 5102808.1547641772776842 -399343.3479769511031918 3792938.8294692663475871    0.0000000000000000    0.0000000000000000    0.0000000000000000    0.0000000000000000    0.0000000000000000    0.0000000000000000    0.0000000000000000    0.0000000000000000    0.0000000000000000 1261230076.0000 
1261230077.0000      0.6409570416080669     -0.0780990625259745               64.400000    1    8    0.000000    0.000000     32.6065838042687730     -2.0473082687205628     -3.9935197944391758   1877 5102808.1176732219755650 -399336.7739491263055243 3792937.7269701668992639    0.0000000000000000    0.0000000000000000    0.0000000000000000    0.0000000000000000    0.0000000000000000    0.0000000000000000    0.0000000000000000    0.0000000000000000    0.0000000000000000 1261230077.0000 
1261230078.0000      0.6409569252527834     -0.0780977826178564               63.400000    1    8    0.000000    0.000000     39.1576755195369657     -2.7903168263882465     -4.9911724248626044   2269 5102808.2707413947209716 -399330.2148039870080538 3792936.5360208288766444    0.0000000000000000    0.0000000000000000    0.0000000000000000    0.0000000000000000    0.0000000000000000    0.0000000000000000    0.0000000000000000    0.0000000000000000    0.0000000000000000 1261230078.0000 
1261230079.0000      0.6409568088975000     -0.0780963281768131               62.400000    1    8    0.000000    0.000000     46.6020972531600037     -3.5333153617221660     -5.9888383516153763   2657 5102808.4934959756210446 -399322.7650510066887364 3792935.3450716268271208    0.0000000000000000    0.0000000000000000    0.0000000000000000    0.0000000000000000    0.0000000000000000    0.0000000000000000    0.0000000000000000    0.0000000000000000    0.0000000000000000 1261230079.0000 
1261230080.0000      0.6409567507198582     -0.0780946701140237               61.500000    1    8    0.000000    0.000000     55.0887357783118574     -3.9060691260286502     -6.8877119590252240   3047 5102808.6569374976679683 -399314.2652520182891749 3792934.5104120476171374    0.0000000000000000    0.0000000000000000    0.0000000000000000    0.0000000000000000    0.0000000000000000    0.0000000000000000    0.0000000000000000    0.0000000000000000    0.0000000000000000 1261230080.0000 
1261230081.0000      0.6409567216310373     -0.0780928666071299               61.400000    1    8    0.000000    0.000000     64.3198216151749591     -4.0912815318190088     -6.9872032261370762   3439 5102809.4074467560276389 -399305.0646758465445600 3792934.3023691768757999    0.0000000000000000    0.0000000000000000    0.0000000000000000    0.0000000000000000    0.0000000000000000    0.0000000000000000    0.0000000000000000    0.0000000000000000    0.0000000000000000 1261230081.0000 
1261230082.0000      0.6409566925422165     -0.0780909176561319               61.100000    1    8    0.000000    0.000000     74.2953476188998110     -4.2771207118810430     -7.2867154786323685   3829 5102810.0561983175575733 -399295.1094189782161266 3792933.9747338029555976    0.0000000000000000    0.0000000000000000    0.0000000000000000    0.0000000000000000    0.0000000000000000    0.0000000000000000    0.0000000000000000    0.0000000000000000    0.0000000000000000 1261230082.0000 
1261230083.0000      0.6409566634533956     -0.0780888814386712               61.600000    1    9    0.000000    0.000000     84.7175491345330727     -4.4603715562192212     -6.7862534176448559   4218 5102811.3790398426353931 -399284.7588780770311132 3792934.1254684417508543    0.0000000000000000    0.0000000000000000    0.0000000000000000    0.0000000000000000    0.0000000000000000    0.0000000000000000    0.0000000000000000    0.0000000000000000    0.0000000000000000 1261230083.0000 
1261230084.0000      0.6409566925422165     -0.0780867579547480               63.300000    1    8    0.000000    0.000000     95.5864320694026048     -4.2698363097895857     -5.0870107319418807   4607 5102813.4750821897760034 -399274.0208040940342471 3792935.2902513621374965    0.0000000000000000    0.0000000000000000    0.0000000000000000    0.0000000000000000    0.0000000000000000    0.0000000000000000    0.0000000000000000    0.0000000000000000    0.0000000000000000 1261230084.0000 
1261230085.0000      0.6409566343645748     -0.0780846635596456               63.800000    1    9    0.000000    0.000000    106.3064186755904075     -4.6380127603223089     -4.5859937516031710   5000 5102814.9313689367845654 -399263.3820115182315931 3792935.2927392716519535    0.0000000000000000    0.0000000000000000    0.0000000000000000    0.0000000000000000    0.0000000000000000    0.0000000000000000    0.0000000000000000    0.0000000000000000    0.0000000000000000 1261230085.0000 
1261230086.0000      0.6409566052757539     -0.0780826273421849               64.500000    1    9    0.000000    0.000000    116.7286319010081002     -4.8205818276233172     -3.8855851035145514   5390 5102816.4139625532552600 -399253.0439618126256391 3792935.5630663097836077    0.0000000000000000    0.0000000000000000    0.0000000000000000    0.0000000000000000    0.0000000000000000    0.0000000000000000    0.0000000000000000    0.0000000000000000    0.0000000000000000 1261230086.0000 
1261230087.0000      0.6409565761869330     -0.0780806493023660               65.300000    1    9    0.000000    0.000000    126.8530726864739506     -5.0028211642235627     -3.0851880923656054   5781 5102817.9532164465636015 -399243.0090296322596259 3792935.8931895550340414    0.0000000000000000    0.0000000000000000    0.0000000000000000    0.0000000000000000    0.0000000000000000    0.0000000000000000    0.0000000000000000    0.0000000000000000    0.0000000000000000 1261230087.0000 
1261230088.0000      0.6409565470981122     -0.0780787294401888               66.200000    1    9    0.000000    0.000000    136.6797413763131317     -5.1847318292308113     -2.1848012983213554   6164 5102819.5491324095055461 -399233.2772147720679641 3792936.2831090018153191    0.0000000000000000    0.0000000000000000    0.0000000000000000    0.0000000000000000    0.0000000000000000    0.0000000000000000    0.0000000000000000    0.0000000000000000    0.0000000000000000 1261230088.0000 
1261230089.0000      0.6409565180092913     -0.0780770131997577               66.900000    1    9    0.000000    0.000000    145.4641882853142079     -5.3672920734627496     -1.4844047497694719   6554 5102820.9039226705208421 -399224.5719371907180175 3792936.5534359249286354    0.0000000000000000    0.0000000000000000    0.0000000000000000    0.0000000000000000    0.0000000000000000    0.0000000000000000    0.0000000000000000    0.0000000000000000    0.0000000000000000 1261230089.0000 
1261230090.0000      0.6409564016540078     -0.0780756169363561               65.400000    1    9    0.000000    0.000000    152.6108197075787984     -6.1118114324255286     -2.9821854776641987   6947 5102820.7037560036405921 -399217.3877853825688362 3792935.0635053985752165    0.0000000000000000    0.0000000000000000    0.0000000000000000    0.0000000000000000    0.0000000000000000    0.0000000000000000    0.0000000000000000    0.0000000000000000    0.0000000000000000 1261230090.0000 
1261230091.0000      0.6409562562099035     -0.0780745115611631               63.200000    1    9    0.000000    0.000000    158.2685492539544327     -7.0435575985821499     -5.1793388870351249   7335 5102819.9383551059290767 -399211.6528506570030004 3792933.0067548542283475    0.0000000000000000    0.0000000000000000    0.0000000000000000    0.0000000000000000    0.0000000000000000    0.0000000000000000    0.0000000000000000    0.0000000000000000    0.0000000000000000 1261230091.0000 
1261230092.0000      0.6409561398546200     -0.0780734061859702               61.900000    1    9    0.000000    0.000000    163.9262956855359334     -7.7874510256346952     -6.4770967232081080   7723 5102819.7818620782345533 -399205.9655549546005204 3792931.6364172892645001    0.0000000000000000    0.0000000000000000    0.0000000000000000    0.0000000000000000    0.0000000000000000    0.0000000000000000    0.0000000000000000    0.0000000000000000    0.0000000000000000 1261230092.0000 
1261230093.0000      0.6409560525881575     -0.0780722135443147               60.800000    1    9    0.000000    0.000000    170.0307080459343467     -8.3457336975277698     -7.5754672103948222   8117 5102819.7097561135888100 -399199.8368319419096224 3792930.5339189907535911    0.0000000000000000    0.0000000000000000    0.0000000000000000    0.0000000000000000    0.0000000000000000    0.0000000000000000    0.0000000000000000    0.0000000000000000    0.0000000000000000 1261230093.0000 
1261230094.0000      0.6409560816769783     -0.0780710499914800               60.500000    1    9    0.000000    0.000000    175.9862374109636960     -8.1616233597936976     -7.8762220011865534   8506 5102819.8242581393569708 -399193.8720520177157596 3792930.5027770511806011    0.0000000000000000    0.0000000000000000    0.0000000000000000    0.0000000000000000    0.0000000000000000    0.0000000000000000    0.0000000000000000    0.0000000000000000    0.0000000000000000 1261230094.0000 
1261230095.0000      0.6409563143875452     -0.0780698864386453               60.700000    1    9    0.000000    0.000000    181.9417526853679590     -6.6812168832049883     -7.6811473695932095   8900 5102819.5664764167740941 -399187.8781495707808062 3792931.8083427031524479    0.0000000000000000    0.0000000000000000    0.0000000000000000    0.0000000000000000    0.0000000000000000    0.0000000000000000    0.0000000000000000    0.0000000000000000    0.0000000000000000 1261230095.0000 
1261230096.0000      0.6409567216310373     -0.0780688101522733               60.900000    1    9    0.000000    0.000000    187.4505765208361652     -4.0910862556838445     -7.4896337480668116   9284 5102818.6122931158170104 -399182.2778009217581712 3792934.0033879014663398    0.0000000000000000    0.0000000000000000    0.0000000000000000    0.0000000000000000    0.0000000000000000    0.0000000000000000    0.0000000000000000    0.0000000000000000    0.0000000000000000 1261230096.0000 
1261230097.0000      0.6409573034074547     -0.0780679083988264               61.100000    1    9    0.000000    0.000000    192.0660419245677986     -0.3912422108541564     -7.3016678533819110   9672 5102816.9268735889345407 -399177.5163126505212858 3792937.0879119308665395    0.0000000000000000    0.0000000000000000    0.0000000000000000    0.0000000000000000    0.0000000000000000    0.0000000000000000    0.0000000000000000    0.0000000000000000    0.0000000000000000 1261230097.0000 
1261230098.0000      0.6409580597167973     -0.0780672102671256               61.800000    1    9    0.000000    0.000000    195.6392751685060887      4.4199189574172957     -6.6172476927853250  10062 5102814.8981481008231640 -399173.7733749668113887 3792941.3608955428935587    0.0000000000000000    0.0000000000000000    0.0000000000000000    0.0000000000000000    0.0000000000000000    0.0000000000000000    0.0000000000000000    0.0000000000000000    0.0000000000000000 1261230098.0000 
1261230099.0000      0.6409589323814232     -0.0780668321124544               62.500000    1    9    0.000000    0.000000    197.5747171354383340      9.9708648815171124     -5.9351626690087542  10454 5102812.3006499698385596 -399171.6287221382954158 3792946.2268634778447449    0.0000000000000000    0.0000000000000000    0.0000000000000000    0.0000000000000000    0.0000000000000000    0.0000000000000000    0.0000000000000000    0.0000000000000000    0.0000000000000000 1261230099.0000 
1261230100.0000      0.6409599504901535     -0.0780667157571709               64.400000    1    9    0.000000    0.000000    198.1701792550474863     16.4504190655129392     -4.0560240205323010  10848 5102810.0062390882521868 -399170.8518678348045796 3792952.5516192610375583    0.0000000000000000    0.0000000000000000    0.0000000000000000    0.0000000000000000    0.0000000000000000    0.0000000000000000    0.0000000000000000    0.0000000000000000    0.0000000000000000 1261230100.0000 
1261230101.0000      0.6409609976877046     -0.0780669193789170               66.300000    1    9    0.000000    0.000000    197.1278672441731317     23.1148945999790740     -2.1774366563079131  11238 5102807.4738343786448240 -399171.6991694750031456 3792959.0246205185540020    0.0000000000000000    0.0000000000000000    0.0000000000000000    0.0000000000000000    0.0000000000000000    0.0000000000000000    0.0000000000000000    0.0000000000000000    0.0000000000000000 1261230101.0000 
1261230537.0000      0.6409599504901535     -0.0781255915306048               69.400000    1    9    0.000000    0.000000   -103.1795956251763755     16.4648478290508251      0.9461967643379401 181471 5102790.4912887150421739 -399471.5958401694078930 3792955.5414449525997043    0.0000000000000000    0.0000000000000000    0.0000000000000000    0.0000000000000000    0.0000000000000000    0.0000000000000000    0.0000000000000000    0.0000000000000000    0.0000000000000000 1261230537.0000 
1261230538.0000      0.6409594559801988     -0.0781244861554119               69.100000    1    9    0.000000    0.000000    -97.5218712630024527     13.3195779505117997      0.6564071658195516 181858 5102792.5675475634634495 -399466.0833121431642212 3792952.8418654422275722    0.0000000000000000    0.0000000000000000    0.0000000000000000    0.0000000000000000    0.0000000000000000    0.0000000000000000    0.0000000000000000    0.0000000000000000    0.0000000000000000 1261230538.0000 
1261230539.0000      0.6409588742037815     -0.0781233807802190               68.600000    1    9    0.000000    0.000000    -91.8641463535797271      9.6188030333054044      0.1683974202017016 182245 5102794.8147629387676716 -399460.5841634203679860 3792949.5779527546837926    0.0000000000000000    0.0000000000000000    0.0000000000000000    0.0000000000000000    0.0000000000000000    0.0000000000000000    0.0000000000000000    0.0000000000000000    0.0000000000000000 1261230539.0000 
1261230540.0000      0.6409583796938267     -0.0781221590497426               68.000000    1    9    0.000000    0.000000    -85.6108567160455465      6.4725702440240767     -0.4213960312710463 182637 5102796.6977618932723999 -399454.4591234615072608 3792946.6989826592616737    0.0000000000000000    0.0000000000000000    0.0000000000000000    0.0000000000000000    0.0000000000000000    0.0000000000000000    0.0000000000000000    0.0000000000000000    0.0000000000000000 1261230540.0000 
1261230541.0000      0.6409582342497224     -0.0781209373192662               68.600000    1    9    0.000000    0.000000    -79.3575579950943677      5.5496646752171683      0.1816569277961491 183026 5102798.2165296953171492 -399448.3055679685785435 3792946.3165279394015670    0.0000000000000000    0.0000000000000000    0.0000000000000000    0.0000000000000000    0.0000000000000000    0.0000000000000000    0.0000000000000000    0.0000000000000000    0.0000000000000000 1261230541.0000 
1261230542.0000      0.6409581469832598     -0.0781192792564768               68.600000    1    8    0.000000    0.000000    -70.8709194269839884      4.9947250051397196      0.1835419866087409 183421 5102799.2096123406663537 -399439.8707005074247718 3792945.8717880728654563    0.0000000000000000    0.0000000000000000    0.0000000000000000    0.0000000000000000    0.0000000000000000    0.0000000000000000    0.0000000000000000    0.0000000000000000    0.0000000000000000 1261230542.0000 
1261230543.0000      0.6409581178944390     -0.0781174175719413               68.400000    1    8    0.000000    0.000000    -61.3420557155478789      4.8090531801268970     -0.0157631123509625 183815 5102799.9036785233765841 -399430.3670183583744802 3792945.6039487104862928    0.0000000000000000    0.0000000000000000    0.0000000000000000    0.0000000000000000    0.0000000000000000    0.0000000000000000    0.0000000000000000    0.0000000000000000    0.0000000000000000 1261230543.0000 
1261230544.0000      0.6409580597167973     -0.0781153813544807               67.900000    1    8    0.000000    0.000000    -50.9198599972242789      4.4374663782282155     -0.5144787369010704 184198 5102800.5379750719293952 -399419.9625945421284996 3792945.0084736421704292    0.0000000000000000    0.0000000000000000    0.0000000000000000    0.0000000000000000    0.0000000000000000    0.0000000000000000    0.0000000000000000    0.0000000000000000    0.0000000000000000 1261230544.0000 
1261230545.0000      0.6409580597167973     -0.0781134033146618               68.400000    1    8    0.000000    0.000000    -40.7954465840529465      4.4390207914897424     -0.0144084454261768 184592 5102801.7275732569396496 -399409.9003241368918680 3792945.3074554535560310    0.0000000000000000    0.0000000000000000    0.0000000000000000    0.0000000000000000    0.0000000000000000    0.0000000000000000    0.0000000000000000    0.0000000000000000    0.0000000000000000 1261230545.0000 
1261230546.0000      0.6409579724503347     -0.0781113380083802               68.200000    1    8    0.000000    0.000000    -30.2243647228756771      3.8834682753864915     -0.2125635891300741 184983 5102802.7234296882525086 -399399.3748562405817211 3792944.7431228328496218    0.0000000000000000    0.0000000000000000    0.0000000000000000    0.0000000000000000    0.0000000000000000    0.0000000000000000    0.0000000000000000    0.0000000000000000    0.0000000000000000 1261230546.0000 
1261230547.0000      0.6409579142726929     -0.0781093017909196               68.200000    1    8    0.000000    0.000000    -19.8021708466625306      3.5135276295200981     -0.2113327634572648 185374 5102803.7572026997804642 -399389.0016991567681544 3792944.4466295531019568    0.0000000000000000    0.0000000000000000    0.0000000000000000    0.0000000000000000    0.0000000000000000    0.0000000000000000    0.0000000000000000    0.0000000000000000    0.0000000000000000 1261230547.0000 
1261230548.0000      0.6409578270062303     -0.0781074691952050               67.500000    1    9    0.000000    0.000000    -10.4221947155582058      2.9563940343842070     -0.9095220743236798 185767 5102804.2605363680049777 -399379.6324322734726593 3792943.5833152043633163    0.0000000000000000    0.0000000000000000    0.0000000000000000    0.0000000000000000    0.0000000000000000    0.0000000000000000    0.0000000000000000    0.0000000000000000    0.0000000000000000 1261230548.0000 
1261230549.0000      0.6409577979174094     -0.0781056947771321               67.700000    1    8    0.000000    0.000000     -1.3399965342984934      2.7720759960232124     -0.7089197969131835 186158 5102805.2392705352976918 -399370.5990609981818125 3792943.5546612488105893    0.0000000000000000    0.0000000000000000    0.0000000000000000    0.0000000000000000    0.0000000000000000    0.0000000000000000    0.0000000000000000    0.0000000000000000    0.0000000000000000 1261230549.0000 
1261230550.0000      0.6409577688285886     -0.0781039203590592               68.000000    1    8    0.000000    0.000000      7.7422027296255926      2.5880891960300305     -0.4083309891868858 186550 5102806.2978967064991593 -399361.5719413564656861 3792943.5858036205172539    0.0000000000000000    0.0000000000000000    0.0000000000000000    0.0000000000000000    0.0000000000000000    0.0000000000000000    0.0000000000000000    0.0000000000000000    0.0000000000000000 1261230550.0000 
1261230551.0000      0.6409577397397677     -0.0781023204739116               68.100000    1    8    0.000000    0.000000     15.9310715948886337      2.4034669673904405     -0.3077518041142588 186945 5102807.1269906610250473 -399353.4229196613305248 3792943.4973533009178936    0.0000000000000000    0.0000000000000000    0.0000000000000000    0.0000000000000000    0.0000000000000000    0.0000000000000000    0.0000000000000000    0.0000000000000000    0.0000000000000000 1261230551.0000 
1261230552.0000      0.6409577106509468     -0.0781010987434352               68.400000    1    8    0.000000    0.000000     22.1843909386454854      2.2194906189604611     -0.0071771511614283 187336 5102807.9648729814216495 -399347.2160542201017961 3792943.5284956423565745    0.0000000000000000    0.0000000000000000    0.0000000000000000    0.0000000000000000    0.0000000000000000    0.0000000000000000    0.0000000000000000    0.0000000000000000    0.0000000000000000 1261230552.0000 
1261230553.0000      0.6409577106509468     -0.0781002260788092               68.800000    1    8    0.000000    0.000000     26.6510485016676100      2.2207899008487999      0.3928036597274083 187726 5102808.6329993028193712 -399342.7880282811820507 3792943.7676809793338180    0.0000000000000000    0.0000000000000000    0.0000000000000000    0.0000000000000000    0.0000000000000000    0.0000000000000000    0.0000000000000000    0.0000000000000000    0.0000000000000000 1261230553.0000 
1261230554.0000      0.6409577688285886     -0.0780998188353171               70.100000    1    8    0.000000    0.000000     28.7354926573642935      2.5948884841723157      1.6915980440494682 188118 5102809.6139131290838122 -399340.7739807665348053 3792944.8415267388336360    0.0000000000000000    0.0000000000000000    0.0000000000000000    0.0000000000000000    0.0000000000000000    0.0000000000000000    0.0000000000000000    0.0000000000000000    0.0000000000000000 1261230554.0000 
1261230555.0000      0.6409577397397677     -0.0780996443023919               70.100000    1    7    0.000000    0.000000     29.6288246754900619      2.4099363002038361      1.6921888696351746 188509 5102809.7938710581511259 -399339.8920012813759968 3792944.6932800337672234    0.0000000000000000    0.0000000000000000    0.0000000000000000    0.0000000000000000    0.0000000000000000    0.0000000000000000    0.0000000000000000    0.0000000000000000    0.0000000000000000 1261230555.0000 
1261230556.0000      0.6409576524733051     -0.0780992661477206               69.000000    1    8    0.000000    0.000000     31.5643726451512556      1.8515394669362526      0.5939699840213681 188901 5102809.3966742912307382 -399337.9194479373400100 3792943.5907802740111947    0.0000000000000000    0.0000000000000000    0.0000000000000000    0.0000000000000000    0.0000000000000000    0.0000000000000000    0.0000000000000000    0.0000000000000000    0.0000000000000000 1261230556.0000 
1261230557.0000      0.6409575361180216     -0.0780987716377659               67.000000    1    8    0.000000    0.000000     34.0954702671658296      1.1052957685869471     -1.4036531633177121 189292 5102808.4370289091020823 -399335.3055039062164724 3792941.8018670813180506    0.0000000000000000    0.0000000000000000    0.0000000000000000    0.0000000000000000    0.0000000000000000    0.0000000000000000    0.0000000000000000    0.0000000000000000    0.0000000000000000 1261230557.0000 
1261230558.0000      0.6409574197627382     -0.0780983062166320               64.900000    1    8    0.000000    0.000000     36.4776776873669277      0.3587310287019472     -3.5012760325570440 189680 5102807.3858576752245426 -399332.8337421448668465 3792939.9531578999012709    0.0000000000000000    0.0000000000000000    0.0000000000000000    0.0000000000000000    0.0000000000000000    0.0000000000000000    0.0000000000000000    0.0000000000000000    0.0000000000000000 1261230558.0000 
1261230559.0000      0.6409573906739173     -0.0780976953513938               64.400000    1    8    0.000000    0.000000     39.6043335295080752      0.1721817155117600     -4.0006972645911176 190071 5102807.3405147688463330 -399329.6939762367401272 3792939.5059297350235283    0.0000000000000000    0.0000000000000000    0.0000000000000000    0.0000000000000000    0.0000000000000000    0.0000000000000000    0.0000000000000000    0.0000000000000000    0.0000000000000000 1261230559.0000 
1261230560.0000      0.6409574197627382     -0.0780969681308721               64.500000    1    8    0.000000    0.000000     43.3265450696334113      0.3574763387179709     -3.9013168618808844 190462 5102807.6005624588578939 -399325.9807347076712176 3792939.7139726560562849    0.0000000000000000    0.0000000000000000    0.0000000000000000    0.0000000000000000    0.0000000000000000    0.0000000000000000    0.0000000000000000    0.0000000000000000    0.0000000000000000 1261230560.0000 
1261230561.0000      0.6409573615850963     -0.0780959209333209               65.000000    1    8    0.000000    0.000000     48.6865359426080175     -0.0107970128232853     -3.4001684561189460 190849 5102808.6387927308678627 -399320.6856096992269158 3792939.7164609595201910    0.0000000000000000    0.0000000000000000    0.0000000000000000    0.0000000000000000    0.0000000000000000    0.0000000000000000    0.0000000000000000    0.0000000000000000    0.0000000000000000 1261230561.0000 
1261230562.0000      0.6409572743186339     -0.0780945537587402               64.800000    1    9    0.000000    0.000000     55.6842967966653646     -0.5662629457655988     -3.5984402359452941 191237 5102809.3556922422721982 -399313.7225575672346167 3792939.1521284603513777    0.0000000000000000    0.0000000000000000    0.0000000000000000    0.0000000000000000    0.0000000000000000    0.0000000000000000    0.0000000000000000    0.0000000000000000    0.0000000000000000 1261230562.0000 
1261230563.0000      0.6409573324962755     -0.0780925175412795               67.000000    1    9    0.000000    0.000000     66.1065113013779921     -0.1892035536063279     -1.3997409049656906 191632 5102811.7062296159565449 -399303.4524358909111470 3792940.7641404094174504    0.0000000000000000    0.0000000000000000    0.0000000000000000    0.0000000000000000    0.0000000000000000    0.0000000000000000    0.0000000000000000    0.0000000000000000    0.0000000000000000 1261230563.0000 
1261230564.0000      0.6409573034074547     -0.0780902777020728               68.200000    1    9    0.000000    0.000000     77.5709450540198446     -0.3702035801741914     -0.1992815535972697 192019 5102813.6697494629770517 -399292.1066180678317323 3792941.3334493488073349    0.0000000000000000    0.0000000000000000    0.0000000000000000    0.0000000000000000    0.0000000000000000    0.0000000000000000    0.0000000000000000    0.0000000000000000    0.0000000000000000 1261230564.0000 
1261230565.0000      0.6409572452298129     -0.0780880378628661               69.100000    1    9    0.000000    0.000000     89.0353813512902832     -0.7371083893349910      0.7017535381019058 192411 5102815.5037796599790454 -399280.7506632304866798 3792941.5751225957646966    0.0000000000000000    0.0000000000000000    0.0000000000000000    0.0000000000000000    0.0000000000000000    0.0000000000000000    0.0000000000000000    0.0000000000000000    0.0000000000000000 1261230565.0000 
1261230566.0000      0.6409571579633503     -0.0780856525795550               70.300000    1    9    0.000000    0.000000    101.2442719394801145     -1.2879797110290787      1.9033494488526241 192806 5102817.7458403110504150 -399268.6799119194038212 3792941.8479378502815962    0.0000000000000000    0.0000000000000000    0.0000000000000000    0.0000000000000000    0.0000000000000000    0.0000000000000000    0.0000000000000000    0.0000000000000000    0.0000000000000000 1261230566.0000 
1261230567.0000      0.6409570125192461     -0.0780833836515274               70.500000    1    9    0.000000    0.000000    112.8576012111874860     -2.2119680448562935      2.1061272346993474 193195 5102819.3628550916910172 -399257.1576241574948654 3792941.2262964942492545    0.0000000000000000    0.0000000000000000    0.0000000000000000    0.0000000000000000    0.0000000000000000    0.0000000000000000    0.0000000000000000    0.0000000000000000    0.0000000000000000 1261230567.0000 
1261230568.0000      0.6409569543416043     -0.0780812019899624               70.900000    1    9    0.000000    0.000000    124.0242635339330519     -2.5804383591071880      2.5071071084562200 193586 5102820.7740395627915859 -399246.0672600162215531 3792941.1689879926852882    0.0000000000000000    0.0000000000000000    0.0000000000000000    0.0000000000000000    0.0000000000000000    0.0000000000000000    0.0000000000000000    0.0000000000000000    0.0000000000000000 1261230568.0000 
1261230569.0000      0.6409568961639626     -0.0780792821277853               71.100000    1    9    0.000000    0.000000    133.8509258410994107     -2.9495583184608201      2.7080967169054087 193980 5102821.9208638975396752 -399236.3003035600995645 3792940.9920869027264416    0.0000000000000000    0.0000000000000000    0.0000000000000000    0.0000000000000000    0.0000000000000000    0.0000000000000000    0.0000000000000000    0.0000000000000000    0.0000000000000000 1261230569.0000 
1261230570.0000      0.6409568379863209     -0.0780775949761750               70.600000    1    9    0.000000    0.000000    142.4864644427754286     -3.3209378238748242      2.2091015173356729 194369 5102822.4154076771810651 -399227.6770627600490116 3792940.3966119312681258    0.0000000000000000    0.0000000000000000    0.0000000000000000    0.0000000000000000    0.0000000000000000    0.0000000000000000    0.0000000000000000    0.0000000000000000    0.0000000000000000 1261230570.0000 
1261230571.0000      0.6409567507198582     -0.0780761987127734               70.800000    1    9    0.000000    0.000000    149.6331353506231210     -3.8750389851195459      2.4107208509282940 194759 5102823.4634260330349207 -399220.5905601067934185 3792940.0714639821089804    0.0000000000000000    0.0000000000000000    0.0000000000000000    0.0000000000000000    0.0000000000000000    0.0000000000000000    0.0000000000000000    0.0000000000000000    0.0000000000000000 1261230571.0000 
1261230572.0000      0.6409566052757539     -0.0780749478934761               69.400000    1    9    0.000000    0.000000    156.0353317493675149     -4.8042028796358576      1.0135480885426700 195151 5102823.3953592516481876 -399214.1634585568681359 3792938.4930823491886258    0.0000000000000000    0.0000000000000000    0.0000000000000000    0.0000000000000000    0.0000000000000000    0.0000000000000000    0.0000000000000000    0.0000000000000000    0.0000000000000000 1261230572.0000 
1261230573.0000      0.6409564307428286     -0.0780739006959249               67.400000    1    9    0.000000    0.000000    161.3952944361536481     -5.9202655077965387     -0.9830069773447789 195537 5102822.8768068691715598 -399208.7465207746136002 3792936.4076767736114562    0.0000000000000000    0.0000000000000000    0.0000000000000000    0.0000000000000000    0.0000000000000000    0.0000000000000000    0.0000000000000000    0.0000000000000000    0.0000000000000000 1261230573.0000 
